  0.1042E-01  0.8089E-11
  0.2084E-01  0.4057E-10
  0.3126E-01  0.8906E-10
  0.4168E-01  0.1550E-09
  0.5210E-01  0.2417E-09
  0.6252E-01  0.3536E-09
  0.7293E-01  0.4960E-09
  0.8335E-01  0.6787E-09
  0.9029E-01  0.8281E-09
  0.1007E+00  0.1096E-08
  0.1111E+00  0.1423E-08
  0.1215E+00  0.1820E-08
  0.1319E+00  0.2299E-08
  0.1424E+00  0.2876E-08
  0.1528E+00  0.3703E-08
  0.1632E+00  0.4662E-08
  0.1701E+00  0.5402E-08
  0.1805E+00  0.6680E-08
  0.1909E+00  0.8190E-08
  0.2013E+00  0.9969E-08
  0.2117E+00  0.1206E-07
  0.2220E+00  0.1463E-07
  0.2324E+00  0.1775E-07
  0.2428E+00  0.2137E-07
  0.2532E+00  0.2559E-07
  0.2601E+00  0.2876E-07
  0.2704E+00  0.3415E-07
  0.2808E+00  0.4063E-07
  0.2911E+00  0.4818E-07
  0.3014E+00  0.5686E-07
  0.3117E+00  0.6683E-07
  0.3220E+00  0.7831E-07
  0.3323E+00  0.9189E-07
  0.3404E+00  0.1040E-06
  0.3511E+00  0.1219E-06
  0.3615E+00  0.1417E-06
  0.3712E+00  0.1634E-06
  0.3801E+00  0.1855E-06
  0.3904E+00  0.2146E-06
  0.4013E+00  0.2496E-06
  0.4107E+00  0.2844E-06
  0.4213E+00  0.3285E-06
  0.4309E+00  0.3733E-06
  0.4402E+00  0.4231E-06
  0.4515E+00  0.4903E-06
  0.4607E+00  0.5523E-06
  0.4704E+00  0.6252E-06
  0.4806E+00  0.7113E-06
  0.4912E+00  0.8120E-06
  0.5019E+00  0.9277E-06
  0.5109E+00  0.1035E-05
  0.5212E+00  0.1172E-05
  0.5319E+00  0.1332E-05
  0.5407E+00  0.1478E-05
  0.5503E+00  0.1653E-05
  0.5600E+00  0.1849E-05
  0.5729E+00  0.2142E-05
  0.5825E+00  0.2388E-05
  0.5921E+00  0.2658E-05
  0.6017E+00  0.2954E-05
  0.6112E+00  0.3279E-05
  0.6207E+00  0.3634E-05
  0.6302E+00  0.4025E-05
  0.6428E+00  0.4601E-05
  0.6522E+00  0.5083E-05
  0.6617E+00  0.5607E-05
  0.6712E+00  0.6182E-05
  0.6806E+00  0.6809E-05
  0.6901E+00  0.7493E-05
  0.7027E+00  0.8505E-05
  0.7122E+00  0.9342E-05
  0.7217E+00  0.1025E-04
  0.7312E+00  0.1124E-04
  0.7407E+00  0.1232E-04
  0.7502E+00  0.1349E-04
  0.7627E+00  0.1518E-04
  0.7722E+00  0.1658E-04
  0.7814E+00  0.1806E-04
  0.7907E+00  0.1968E-04
  0.8029E+00  0.2197E-04
  0.8120E+00  0.2385E-04
  0.8209E+00  0.2583E-04
  0.8328E+00  0.2870E-04
  0.8417E+00  0.3100E-04
  0.8504E+00  0.3345E-04
  0.8620E+00  0.3696E-04
  0.8706E+00  0.3976E-04
  0.8820E+00  0.4378E-04
  0.8905E+00  0.4699E-04
  0.9018E+00  0.5158E-04
  0.9101E+00  0.5524E-04
  0.9211E+00  0.6042E-04
  0.9320E+00  0.6594E-04
  0.9400E+00  0.7030E-04
  0.9506E+00  0.7644E-04
  0.9610E+00  0.8293E-04
  0.9713E+00  0.8984E-04
  0.9815E+00  0.9719E-04
  0.9914E+00  0.1048E-03
  0.1001E+01  0.1129E-03
  0.1011E+01  0.1216E-03
  0.1021E+01  0.1308E-03
  0.1031E+01  0.1407E-03
  0.1041E+01  0.1512E-03
  0.1051E+01  0.1624E-03
  0.1061E+01  0.1744E-03
  0.1070E+01  0.1869E-03
  0.1080E+01  0.2004E-03
  0.1090E+01  0.2146E-03
  0.1102E+01  0.2334E-03
  0.1112E+01  0.2494E-03
  0.1122E+01  0.2666E-03
  0.1132E+01  0.2846E-03
  0.1141E+01  0.3036E-03
  0.1151E+01  0.3238E-03
  0.1161E+01  0.3452E-03
  0.1170E+01  0.3670E-03
  0.1180E+01  0.3907E-03
  0.1192E+01  0.4214E-03
  0.1202E+01  0.4477E-03
  0.1211E+01  0.4750E-03
  0.1221E+01  0.5043E-03
  0.1230E+01  0.5342E-03
  0.1242E+01  0.5742E-03
  0.1252E+01  0.6072E-03
  0.1261E+01  0.6429E-03
  0.1271E+01  0.6794E-03
  0.1280E+01  0.7176E-03
  0.1292E+01  0.7675E-03
  0.1301E+01  0.8101E-03
  0.1311E+01  0.8544E-03
  0.1320E+01  0.8999E-03
  0.1332E+01  0.9598E-03
  0.1341E+01  0.1010E-02
  0.1351E+01  0.1063E-02
  0.1362E+01  0.1130E-02
  0.1372E+01  0.1187E-02
  0.1381E+01  0.1245E-02
  0.1390E+01  0.1306E-02
  0.1402E+01  0.1387E-02
  0.1411E+01  0.1452E-02
  0.1422E+01  0.1536E-02
  0.1431E+01  0.1608E-02
  0.1441E+01  0.1681E-02
  0.1452E+01  0.1776E-02
  0.1461E+01  0.1855E-02
  0.1470E+01  0.1936E-02
  0.1482E+01  0.2042E-02
  0.1491E+01  0.2128E-02
  0.1502E+01  0.2239E-02
  0.1511E+01  0.2334E-02
  0.1520E+01  0.2430E-02
  0.1532E+01  0.2554E-02
  0.1541E+01  0.2654E-02
  0.1552E+01  0.2782E-02
  0.1561E+01  0.2888E-02
  0.1572E+01  0.3025E-02
  0.1581E+01  0.3141E-02
  0.1590E+01  0.3256E-02
  0.1601E+01  0.3405E-02
  0.1610E+01  0.3525E-02
  0.1621E+01  0.3679E-02
  0.1630E+01  0.3802E-02
  0.1641E+01  0.3959E-02
  0.1652E+01  0.4121E-02
  0.1661E+01  0.4256E-02
  0.1672E+01  0.4427E-02
  0.1681E+01  0.4566E-02
  0.1692E+01  0.4742E-02
  0.1701E+01  0.4890E-02
  0.1710E+01  0.5036E-02
  0.1721E+01  0.5218E-02
  0.1730E+01  0.5364E-02
  0.1741E+01  0.5549E-02
  0.1750E+01  0.5699E-02
  0.1761E+01  0.5886E-02
  0.1772E+01  0.6075E-02
  0.1781E+01  0.6229E-02
  0.1792E+01  0.6418E-02
  0.1800E+01  0.6568E-02
  0.1811E+01  0.6756E-02
  0.1822E+01  0.6944E-02
  0.1830E+01  0.7091E-02
  0.1841E+01  0.7277E-02
  0.1852E+01  0.7460E-02
  0.1860E+01  0.7605E-02
  0.1871E+01  0.7784E-02
  0.1882E+01  0.7960E-02
  0.1890E+01  0.8100E-02
  0.1901E+01  0.8270E-02
  0.1912E+01  0.8435E-02
  0.1920E+01  0.8567E-02
  0.1931E+01  0.8724E-02
  0.1941E+01  0.8875E-02
  0.1952E+01  0.9021E-02
  0.1962E+01  0.9160E-02
  0.1970E+01  0.9265E-02
  0.1981E+01  0.9392E-02
  0.1991E+01  0.9512E-02
  0.2002E+01  0.9624E-02
  0.2012E+01  0.9728E-02
  0.2020E+01  0.9804E-02
  0.2031E+01  0.9893E-02
  0.2041E+01  0.9973E-02
  0.2052E+01  0.1004E-01
  0.2060E+01  0.1009E-01
  0.2071E+01  0.1014E-01
  0.2081E+01  0.1018E-01
  0.2092E+01  0.1021E-01
  0.2100E+01  0.1023E-01
  0.2111E+01  0.1024E-01
  0.2121E+01  0.1023E-01
  0.2132E+01  0.1021E-01
  0.2140E+01  0.1019E-01
  0.2151E+01  0.1015E-01
  0.2161E+01  0.1010E-01
  0.2171E+01  0.1004E-01
  0.2182E+01  0.9967E-02
  0.2190E+01  0.9896E-02
  0.2201E+01  0.9798E-02
  0.2211E+01  0.9689E-02
  0.2221E+01  0.9568E-02
  0.2232E+01  0.9435E-02
  0.2240E+01  0.9318E-02
  0.2251E+01  0.9164E-02
  0.2261E+01  0.9000E-02
  0.2271E+01  0.8826E-02
  0.2282E+01  0.8641E-02
  0.2292E+01  0.8445E-02
  0.2300E+01  0.8283E-02
  0.2311E+01  0.8074E-02
  0.2321E+01  0.7860E-02
  0.2331E+01  0.7635E-02
  0.2341E+01  0.7403E-02
  0.2352E+01  0.7165E-02
  0.2362E+01  0.6924E-02
  0.2370E+01  0.6728E-02
  0.2381E+01  0.6478E-02
  0.2391E+01  0.6225E-02
  0.2401E+01  0.5975E-02
  0.2411E+01  0.5723E-02
  0.2422E+01  0.5465E-02
  0.2432E+01  0.5209E-02
  0.2442E+01  0.4963E-02
  0.2450E+01  0.4769E-02
  0.2460E+01  0.4523E-02
  0.2471E+01  0.4279E-02
  0.2481E+01  0.4045E-02
  0.2491E+01  0.3819E-02
  0.2501E+01  0.3595E-02
  0.2512E+01  0.3378E-02
  0.2522E+01  0.3179E-02
  0.2532E+01  0.2990E-02
  0.2540E+01  0.2844E-02
  0.2550E+01  0.2669E-02
  0.2560E+01  0.2516E-02
  0.2570E+01  0.2374E-02
  0.2581E+01  0.2246E-02
  0.2591E+01  0.2131E-02
  0.2601E+01  0.2035E-02
  0.2611E+01  0.1953E-02
  0.2621E+01  0.1887E-02
  0.2631E+01  0.1852E-02
  0.2641E+01  0.1833E-02
  0.2651E+01  0.1828E-02
  0.2661E+01  0.1831E-02
  0.2671E+01  0.1850E-02
  0.2682E+01  0.1890E-02
  0.2692E+01  0.1947E-02
  0.2702E+01  0.2034E-02
  0.2710E+01  0.2154E-02
  0.2721E+01  0.2223E-02
  0.2731E+01  0.2325E-02
  0.2742E+01  0.2457E-02
  0.2751E+01  0.2613E-02
  0.2761E+01  0.2777E-02
  0.2771E+01  0.2941E-02
  0.2781E+01  0.3118E-02
  0.2791E+01  0.3299E-02
  0.2802E+01  0.3472E-02
  0.2812E+01  0.3634E-02
  0.2822E+01  0.3794E-02
  0.2832E+01  0.3931E-02
  0.2842E+01  0.4039E-02
  0.2852E+01  0.4126E-02
  0.2862E+01  0.4194E-02
  0.2872E+01  0.4238E-02
  0.2882E+01  0.4212E-02
  0.2890E+01  0.4161E-02
  0.2902E+01  0.4047E-02
  0.2912E+01  0.4578E-02
  0.2920E+01  0.5437E-02
  0.2930E+01  0.1665E-02
  0.2942E+01  0.1761E-01
  0.2952E+01  0.3091E-01
  0.2962E+01  0.3615E-01
  0.2972E+01  0.3436E-01
  0.2982E+01  0.2814E-01
  0.2992E+01  0.2402E-01
  0.3002E+01  0.3592E-01
  0.3012E+01  0.5366E-01
  0.3022E+01  0.3536E-01
  0.3032E+01  0.2015E-01
  0.3042E+01  0.8140E-02
  0.3052E+01  0.3719E-02
  0.3062E+01 -0.2656E-03
  0.3070E+01 -0.3651E-02
  0.3082E+01 -0.8175E-02
  0.3092E+01 -0.1206E-01
  0.3102E+01 -0.1587E-01
  0.3112E+01 -0.1961E-01
  0.3121E+01 -0.2324E-01
  0.3131E+01 -0.2676E-01
  0.3141E+01 -0.3017E-01
  0.3151E+01 -0.3339E-01
  0.3161E+01 -0.3643E-01
  0.3171E+01 -0.3935E-01
  0.3181E+01 -0.4203E-01
  0.3191E+01 -0.4448E-01
  0.3201E+01 -0.4677E-01
  0.3211E+01 -0.4889E-01
  0.3221E+01 -0.5080E-01
  0.3231E+01 -0.5252E-01
  0.3240E+01 -0.5408E-01
  0.3250E+01 -0.5544E-01
  0.3260E+01 -0.5660E-01
  0.3270E+01 -0.5759E-01
  0.3280E+01 -0.5841E-01
  0.3292E+01 -0.5913E-01
  0.3302E+01 -0.5950E-01
  0.3312E+01 -0.5968E-01
  0.3322E+01 -0.5971E-01
  0.3331E+01 -0.5957E-01
  0.3341E+01 -0.5927E-01
  0.3351E+01 -0.5879E-01
  0.3361E+01 -0.5813E-01
  0.3371E+01 -0.5731E-01
  0.3381E+01 -0.5630E-01
  0.3391E+01 -0.5511E-01
  0.3400E+01 -0.5374E-01
  0.3410E+01 -0.5219E-01
  0.3420E+01 -0.5043E-01
  0.3430E+01 -0.4850E-01
  0.3442E+01 -0.4597E-01
  0.3451E+01 -0.4363E-01
  0.3461E+01 -0.4106E-01
  0.3471E+01 -0.3825E-01
  0.3481E+01 -0.3524E-01
  0.3491E+01 -0.3197E-01
  0.3501E+01 -0.2839E-01
  0.3510E+01 -0.2447E-01
  0.3520E+01 -0.2012E-01
  0.3530E+01 -0.1543E-01
  0.3542E+01 -0.1006E-01
  0.3552E+01 -0.4960E-02
  0.3561E+01  0.4010E-02
  0.3571E+01  0.2069E-01
  0.3581E+01  0.4103E-01
  0.3591E+01  0.5638E-01
  0.3600E+01  0.6421E-01
  0.3610E+01  0.6725E-01
  0.3620E+01  0.6621E-01
  0.3632E+01  0.6056E-01
  0.3640E+01  0.5554E-01
  0.3650E+01  0.4940E-01
  0.3660E+01  0.4358E-01
  0.3670E+01  0.3825E-01
  0.3682E+01  0.3242E-01
  0.3692E+01  0.2796E-01
  0.3702E+01  0.2381E-01
  0.3711E+01  0.2004E-01
  0.3721E+01  0.1645E-01
  0.3731E+01  0.1302E-01
  0.3741E+01  0.9871E-02
  0.3750E+01  0.6887E-02
  0.3760E+01  0.4065E-02
  0.3772E+01  0.8912E-03
  0.3782E+01 -0.1630E-02
  0.3791E+01 -0.3976E-02
  0.3801E+01 -0.6197E-02
  0.3811E+01 -0.8297E-02
  0.3821E+01 -0.1022E-01
  0.3830E+01 -0.1202E-01
  0.3840E+01 -0.1370E-01
  0.3852E+01 -0.1547E-01
  0.3861E+01 -0.1682E-01
  0.3871E+01 -0.1803E-01
  0.3881E+01 -0.1911E-01
  0.3891E+01 -0.2006E-01
  0.3900E+01 -0.2087E-01
  0.3910E+01 -0.2156E-01
  0.3922E+01 -0.2223E-01
  0.3932E+01 -0.2260E-01
  0.3941E+01 -0.2281E-01
  0.3951E+01 -0.2291E-01
  0.3961E+01 -0.2289E-01
  0.3970E+01 -0.2276E-01
  0.3980E+01 -0.2250E-01
  0.3992E+01 -0.2201E-01
  0.4002E+01 -0.2146E-01
