  0.1042E-01  0.9387E-09
  0.2084E-01  0.4778E-08
  0.3126E-01  0.1046E-07
  0.4168E-01  0.1807E-07
  0.5210E-01  0.2787E-07
  0.6252E-01  0.4024E-07
  0.7293E-01  0.5562E-07
  0.8335E-01  0.7490E-07
  0.9029E-01  0.9042E-07
  0.1007E+00  0.1176E-06
  0.1111E+00  0.1501E-06
  0.1215E+00  0.1884E-06
  0.1319E+00  0.2336E-06
  0.1424E+00  0.2865E-06
  0.1528E+00  0.3644E-06
  0.1632E+00  0.4522E-06
  0.1701E+00  0.5187E-06
  0.1805E+00  0.6312E-06
  0.1909E+00  0.7609E-06
  0.2013E+00  0.9100E-06
  0.2117E+00  0.1081E-05
  0.2220E+00  0.1290E-05
  0.2324E+00  0.1544E-05
  0.2428E+00  0.1832E-05
  0.2532E+00  0.2159E-05
  0.2601E+00  0.2401E-05
  0.2704E+00  0.2803E-05
  0.2808E+00  0.3287E-05
  0.2911E+00  0.3843E-05
  0.3014E+00  0.4468E-05
  0.3117E+00  0.5169E-05
  0.3220E+00  0.5961E-05
  0.3323E+00  0.6901E-05
  0.3404E+00  0.7719E-05
  0.3511E+00  0.8907E-05
  0.3615E+00  0.1019E-04
  0.3712E+00  0.1160E-04
  0.3801E+00  0.1301E-04
  0.3904E+00  0.1482E-04
  0.4013E+00  0.1696E-04
  0.4107E+00  0.1907E-04
  0.4213E+00  0.2170E-04
  0.4309E+00  0.2430E-04
  0.4402E+00  0.2718E-04
  0.4515E+00  0.3098E-04
  0.4607E+00  0.3441E-04
  0.4704E+00  0.3841E-04
  0.4806E+00  0.4305E-04
  0.4912E+00  0.4834E-04
  0.5019E+00  0.5436E-04
  0.5109E+00  0.5985E-04
  0.5212E+00  0.6663E-04
  0.5319E+00  0.7454E-04
  0.5407E+00  0.8156E-04
  0.5503E+00  0.8984E-04
  0.5600E+00  0.9901E-04
  0.5729E+00  0.1123E-03
  0.5825E+00  0.1233E-03
  0.5921E+00  0.1351E-03
  0.6017E+00  0.1478E-03
  0.6112E+00  0.1616E-03
  0.6207E+00  0.1763E-03
  0.6302E+00  0.1922E-03
  0.6428E+00  0.2151E-03
  0.6522E+00  0.2339E-03
  0.6617E+00  0.2539E-03
  0.6712E+00  0.2755E-03
  0.6806E+00  0.2985E-03
  0.6901E+00  0.3232E-03
  0.7027E+00  0.3588E-03
  0.7122E+00  0.3876E-03
  0.7217E+00  0.4184E-03
  0.7312E+00  0.4511E-03
  0.7407E+00  0.4859E-03
  0.7502E+00  0.5228E-03
  0.7627E+00  0.5752E-03
  0.7722E+00  0.6176E-03
  0.7814E+00  0.6612E-03
  0.7907E+00  0.7079E-03
  0.8029E+00  0.7726E-03
  0.8120E+00  0.8244E-03
  0.8209E+00  0.8777E-03
  0.8328E+00  0.9531E-03
  0.8417E+00  0.1012E-02
  0.8504E+00  0.1074E-02
  0.8620E+00  0.1159E-02
  0.8706E+00  0.1226E-02
  0.8820E+00  0.1319E-02
  0.8905E+00  0.1392E-02
  0.9018E+00  0.1493E-02
  0.9101E+00  0.1571E-02
  0.9211E+00  0.1680E-02
  0.9320E+00  0.1793E-02
  0.9400E+00  0.1879E-02
  0.9506E+00  0.1998E-02
  0.9610E+00  0.2120E-02
  0.9713E+00  0.2247E-02
  0.9815E+00  0.2377E-02
  0.9914E+00  0.2509E-02
  0.1001E+01  0.2645E-02
  0.1011E+01  0.2787E-02
  0.1021E+01  0.2932E-02
  0.1031E+01  0.3085E-02
  0.1041E+01  0.3242E-02
  0.1051E+01  0.3404E-02
  0.1061E+01  0.3572E-02
  0.1070E+01  0.3742E-02
  0.1080E+01  0.3920E-02
  0.1090E+01  0.4101E-02
  0.1102E+01  0.4332E-02
  0.1112E+01  0.4521E-02
  0.1122E+01  0.4717E-02
  0.1132E+01  0.4915E-02
  0.1141E+01  0.5117E-02
  0.1151E+01  0.5324E-02
  0.1161E+01  0.5535E-02
  0.1170E+01  0.5742E-02
  0.1180E+01  0.5958E-02
  0.1192E+01  0.6227E-02
  0.1202E+01  0.6446E-02
  0.1211E+01  0.6664E-02
  0.1221E+01  0.6889E-02
  0.1230E+01  0.7108E-02
  0.1242E+01  0.7387E-02
  0.1252E+01  0.7604E-02
  0.1261E+01  0.7829E-02
  0.1271E+01  0.8048E-02
  0.1280E+01  0.8265E-02
  0.1292E+01  0.8533E-02
  0.1301E+01  0.8747E-02
  0.1311E+01  0.8957E-02
  0.1320E+01  0.9161E-02
  0.1332E+01  0.9411E-02
  0.1341E+01  0.9604E-02
  0.1351E+01  0.9794E-02
  0.1362E+01  0.1002E-01
  0.1372E+01  0.1019E-01
  0.1381E+01  0.1035E-01
  0.1390E+01  0.1051E-01
  0.1402E+01  0.1070E-01
  0.1411E+01  0.1083E-01
  0.1422E+01  0.1099E-01
  0.1431E+01  0.1110E-01
  0.1441E+01  0.1120E-01
  0.1452E+01  0.1131E-01
  0.1461E+01  0.1138E-01
  0.1470E+01  0.1144E-01
  0.1482E+01  0.1150E-01
  0.1491E+01  0.1153E-01
  0.1502E+01  0.1155E-01
  0.1511E+01  0.1154E-01
  0.1520E+01  0.1152E-01
  0.1532E+01  0.1148E-01
  0.1541E+01  0.1142E-01
  0.1552E+01  0.1134E-01
  0.1561E+01  0.1125E-01
  0.1572E+01  0.1111E-01
  0.1581E+01  0.1098E-01
  0.1590E+01  0.1084E-01
  0.1601E+01  0.1064E-01
  0.1610E+01  0.1046E-01
  0.1621E+01  0.1022E-01
  0.1630E+01  0.1002E-01
  0.1641E+01  0.9740E-02
  0.1652E+01  0.9436E-02
  0.1661E+01  0.9169E-02
  0.1672E+01  0.8822E-02
  0.1681E+01  0.8528E-02
  0.1692E+01  0.8150E-02
  0.1701E+01  0.7828E-02
  0.1710E+01  0.7488E-02
  0.1721E+01  0.7061E-02
  0.1730E+01  0.6716E-02
  0.1741E+01  0.6274E-02
  0.1750E+01  0.5909E-02
  0.1761E+01  0.5451E-02
  0.1772E+01  0.4987E-02
  0.1781E+01  0.4604E-02
  0.1792E+01  0.4135E-02
  0.1800E+01  0.3767E-02
  0.1811E+01  0.3302E-02
  0.1822E+01  0.2841E-02
  0.1830E+01  0.2484E-02
  0.1841E+01  0.2035E-02
  0.1852E+01  0.1596E-02
  0.1860E+01  0.1252E-02
  0.1871E+01  0.8341E-03
  0.1882E+01  0.4307E-03
  0.1890E+01  0.1128E-03
  0.1901E+01 -0.2610E-03
  0.1912E+01 -0.6170E-03
  0.1920E+01 -0.8999E-03
  0.1931E+01 -0.1221E-02
  0.1941E+01 -0.1522E-02
  0.1952E+01 -0.1802E-02
  0.1962E+01 -0.2061E-02
  0.1970E+01 -0.2240E-02
  0.1981E+01 -0.2462E-02
  0.1991E+01 -0.2666E-02
  0.2002E+01 -0.2853E-02
  0.2012E+01 -0.3026E-02
  0.2020E+01 -0.3145E-02
  0.2031E+01 -0.3299E-02
  0.2041E+01 -0.3449E-02
  0.2052E+01 -0.3604E-02
  0.2060E+01 -0.3732E-02
  0.2071E+01 -0.3891E-02
  0.2081E+01 -0.4046E-02
  0.2092E+01 -0.4197E-02
  0.2100E+01 -0.4347E-02
  0.2111E+01 -0.4604E-02
  0.2121E+01 -0.4888E-02
  0.2132E+01 -0.4892E-02
  0.2140E+01 -0.4636E-02
  0.2151E+01 -0.5900E-02
  0.2161E+01 -0.2331E-02
  0.2171E+01  0.1015E-01
  0.2182E+01  0.2046E-01
  0.2190E+01  0.2408E-01
  0.2201E+01  0.2222E-01
  0.2211E+01  0.1677E-01
  0.2221E+01  0.1024E-01
  0.2232E+01  0.1654E-01
  0.2240E+01  0.3617E-01
  0.2251E+01  0.2617E-01
  0.2261E+01  0.1230E-01
  0.2271E+01 -0.4917E-03
  0.2282E+01 -0.6059E-02
  0.2292E+01 -0.9966E-02
  0.2300E+01 -0.1266E-01
  0.2311E+01 -0.1608E-01
  0.2321E+01 -0.1942E-01
  0.2331E+01 -0.2268E-01
  0.2341E+01 -0.2586E-01
  0.2352E+01 -0.2890E-01
  0.2362E+01 -0.3179E-01
  0.2370E+01 -0.3396E-01
  0.2381E+01 -0.3658E-01
  0.2391E+01 -0.3902E-01
  0.2401E+01 -0.4122E-01
  0.2411E+01 -0.4324E-01
  0.2422E+01 -0.4509E-01
  0.2432E+01 -0.4672E-01
  0.2442E+01 -0.4807E-01
  0.2450E+01 -0.4898E-01
  0.2460E+01 -0.5001E-01
  0.2471E+01 -0.5081E-01
  0.2481E+01 -0.5133E-01
  0.2491E+01 -0.5160E-01
  0.2501E+01 -0.5168E-01
  0.2512E+01 -0.5154E-01
  0.2522E+01 -0.5115E-01
  0.2532E+01 -0.5055E-01
  0.2540E+01 -0.4992E-01
  0.2550E+01 -0.4888E-01
  0.2560E+01 -0.4763E-01
  0.2570E+01 -0.4612E-01
  0.2581E+01 -0.4437E-01
  0.2591E+01 -0.4235E-01
  0.2601E+01 -0.4009E-01
  0.2611E+01 -0.3748E-01
  0.2621E+01 -0.3450E-01
  0.2631E+01 -0.3109E-01
  0.2641E+01 -0.2742E-01
  0.2651E+01 -0.2373E-01
  0.2661E+01 -0.1989E-01
  0.2671E+01 -0.1394E-01
  0.2682E+01 -0.1844E-02
  0.2692E+01  0.1664E-01
  0.2702E+01  0.3417E-01
  0.2710E+01  0.4442E-01
  0.2721E+01  0.5082E-01
  0.2731E+01  0.5319E-01
  0.2742E+01  0.5168E-01
  0.2751E+01  0.4756E-01
  0.2761E+01  0.4239E-01
  0.2771E+01  0.3718E-01
  0.2781E+01  0.3221E-01
  0.2791E+01  0.2761E-01
  0.2802E+01  0.2347E-01
  0.2812E+01  0.1969E-01
  0.2822E+01  0.1625E-01
  0.2832E+01  0.1309E-01
  0.2842E+01  0.1020E-01
  0.2852E+01  0.7495E-02
  0.2862E+01  0.4994E-02
  0.2872E+01  0.2718E-02
  0.2882E+01  0.5645E-03
  0.2890E+01 -0.1016E-02
  0.2902E+01 -0.3213E-02
  0.2912E+01 -0.4864E-02
  0.2920E+01 -0.6105E-02
  0.2930E+01 -0.7510E-02
  0.2942E+01 -0.8984E-02
  0.2952E+01 -0.1008E-01
  0.2962E+01 -0.1106E-01
  0.2972E+01 -0.1191E-01
  0.2982E+01 -0.1263E-01
  0.2992E+01 -0.1320E-01
  0.3002E+01 -0.1361E-01
  0.3012E+01 -0.1388E-01
  0.3022E+01 -0.1404E-01
  0.3032E+01 -0.1408E-01
  0.3042E+01 -0.1401E-01
  0.3052E+01 -0.1383E-01
  0.3062E+01 -0.1353E-01
  0.3070E+01 -0.1320E-01
  0.3082E+01 -0.1259E-01
  0.3092E+01 -0.1196E-01
  0.3102E+01 -0.1123E-01
  0.3112E+01 -0.1040E-01
  0.3121E+01 -0.9474E-02
  0.3131E+01 -0.8469E-02
  0.3141E+01 -0.7379E-02
  0.3151E+01 -0.6229E-02
  0.3161E+01 -0.5041E-02
  0.3171E+01 -0.3801E-02
  0.3181E+01 -0.2555E-02
  0.3191E+01 -0.1321E-02
  0.3201E+01 -0.9281E-04
  0.3211E+01  0.1131E-02
  0.3221E+01  0.2311E-02
  0.3231E+01  0.3432E-02
  0.3240E+01  0.4471E-02
  0.3250E+01  0.5378E-02
  0.3260E+01  0.6111E-02
  0.3270E+01  0.6651E-02
  0.3280E+01  0.7013E-02
  0.3292E+01  0.7294E-02
  0.3302E+01  0.7375E-02
  0.3312E+01  0.7337E-02
  0.3322E+01  0.7144E-02
  0.3331E+01  0.6840E-02
  0.3341E+01  0.6409E-02
  0.3351E+01  0.5870E-02
  0.3361E+01  0.5242E-02
  0.3371E+01  0.4560E-02
  0.3381E+01  0.3835E-02
  0.3391E+01  0.3085E-02
  0.3400E+01  0.2339E-02
  0.3410E+01  0.1600E-02
  0.3420E+01  0.8682E-03
  0.3430E+01  0.1761E-03
  0.3442E+01 -0.5987E-03
  0.3451E+01 -0.1205E-02
  0.3461E+01 -0.1761E-02
  0.3471E+01 -0.2254E-02
  0.3481E+01 -0.2665E-02
  0.3491E+01 -0.2991E-02
  0.3501E+01 -0.3227E-02
  0.3510E+01 -0.3380E-02
  0.3520E+01 -0.3483E-02
  0.3530E+01 -0.3525E-02
  0.3542E+01 -0.3504E-02
  0.3552E+01 -0.3412E-02
  0.3561E+01 -0.3261E-02
  0.3571E+01 -0.3047E-02
  0.3581E+01 -0.2771E-02
  0.3591E+01 -0.2445E-02
  0.3600E+01 -0.2069E-02
  0.3610E+01 -0.1652E-02
  0.3620E+01 -0.1212E-02
  0.3632E+01 -0.6494E-03
  0.3640E+01 -0.2454E-03
  0.3650E+01  0.2387E-03
  0.3660E+01  0.7144E-03
  0.3670E+01  0.1171E-02
  0.3682E+01  0.1677E-02
  0.3692E+01  0.2045E-02
  0.3702E+01  0.2348E-02
  0.3711E+01  0.2566E-02
  0.3721E+01  0.2710E-02
  0.3731E+01  0.2794E-02
  0.3741E+01  0.2829E-02
  0.3750E+01  0.2818E-02
  0.3760E+01  0.2765E-02
  0.3772E+01  0.2614E-02
  0.3782E+01  0.2436E-02
  0.3791E+01  0.2208E-02
  0.3801E+01  0.1938E-02
  0.3811E+01  0.1632E-02
  0.3821E+01  0.1314E-02
  0.3830E+01  0.9803E-03
  0.3840E+01  0.6385E-03
  0.3852E+01  0.2475E-03
  0.3861E+01 -0.7557E-04
  0.3871E+01 -0.3827E-03
  0.3881E+01 -0.6713E-03
  0.3891E+01 -0.9360E-03
  0.3900E+01 -0.1167E-02
  0.3910E+01 -0.1367E-02
  0.3922E+01 -0.1565E-02
  0.3932E+01 -0.1687E-02
  0.3941E+01 -0.1782E-02
  0.3951E+01 -0.1847E-02
  0.3961E+01 -0.1887E-02
  0.3970E+01 -0.1905E-02
  0.3980E+01 -0.1903E-02
  0.3992E+01 -0.1872E-02
  0.4002E+01 -0.1826E-02
